1861489
1833561
1696449
1621627
1860712
1601027
1514350
1615918
1007642
1569645
1321212
1169367
1419453
1102696
1058818
1199827
1200126
1038918
1012496
1069029
850879
583796
787089
957472
913166
578649
892230
874015
610890
546914
735582
1861489
1861489
642261
566483
541567
711586
637382
488246
461160
586205
480899
568935
516561
465058
518544
413755
461259
508305
513779
1253914
342452
189669
465415
470037
167340
356913
465413
434063
128905
402467
437650
393343
377380
384623
345121
362286
214690
383116
379568
274550
344162
372536
368322
344673
299723
310431
259668
351542
318574
238033
294162
206865
286430
340933
235888
320593
299696
273108
305755
301542
302876
324644
220893
338545
284357
284110
82998
369733
280618
288288
273023
291995
257887
301557
286308
192199
273691
284759
272774
255354
276710
311228
238016
150727
181052
286056
194253
268773
268281
256226
240209
303561
204523
166585
266677
201779
202156
260809
113102
231895
245787
118919
254714
139692
200273
196374
301432
240513
215402
182940
140737
107007
193370
238696
213284
148130
204758
208240
141185
175349
191248
171781
148859
89716
163496
138060
97669
138393
213540
139011
96958
167320
105628
190019
129250
163665
207475
179803
128351
140956
195192
123443
172385
158451
103607
146678
167114
184056
189405
186255
132529
177109
172864
160675
169526
175460
159814
195995
176841
168941
179340
153394
132670
186514
155118
183672
155595
167842
105035
191904
176293
122912
129397
141017
179325
164134
86530
90067
184656
181508
90161
171490
175932
140642
174831
138377
168508
168074
125653
137067
81141
157353
164366
156719
151538
94064
135766
91671
144452
118729
153488
146904
161865
160687
127972
138466
154135
148403
150240
142679
149536
150062
143821
131708
124052
109686
140352
147654
137546
139252
136932
91770
136916
79957
137691
137855
70277
143384
146739
144218
83841
139454
81262
132864
97422
84262
101034
139168
146547
79698
100353
145723
137882
96817
137392
138771
108225
78888
83585
87173
114191
134631
133412
138094
146616
135380
101605
138094
132529
119303
141990
110982
135659
121046
136721
91334
83442
113910
134006
82972
76482
110239
130801
103551
129626
134700
111306
133588
73900
136126
137297
93442
103574
111032
94812
95870
129714
147776
80278
109144
123177
110388
98917
120491
51624
108027
132302
126939
111493
84327
99581
101530
122648
68026
83891
76171
124720
108466
87985
137733
94384
79524
121880
119163
88461
89107
116387
118506
76455
99843
118992
102587
120800
76389
98628
105385
101143
74230
91713
98500
104651
118131
81571
97571
88533
92726
108757
83029
103190
85894
87858
87214
125225
113225
74472
80535
112972
99751
83282
68689
112720
66062
114969
95652
92442
39835
73760
67071
78097
110412
122198
113250
93115
97752
107619
52441
95726
73845
85071
71843
121843
77143
75699
74388
110089
66515
73325
68943
72916
105540
79020
80663
95048
68036
92939
84540
100280
90083
93301
83735
78573
87809
92349
97154
69401
82195
55948
100953
87654
93106
80410
72878
95782
84967
101317
104759
108987
92118
70886
98533
75346
61818
72082
80429
80153
66236
77312
98900
72484
60314
99222
89758
86537
99585
81657
78928
98556
74726
96104
55002
90769
83195
51341
103571
77398
92572
83629
94085
101885
77276
97024
83213
47518
102918
76898
50447
67215
83003
92993
59587
60648
85712
24632
71109
48222
65448
61837
94984
66275
95584
83643
64760
76438
44454
67694
93404
90387
79018
83200
73877
81549
89338
59578
48720
86725
68374
76980
87813
93790
64769
70459
46338
61192
55600
89342
91511
55699
78285
80843
87796
68831
80072
47692
64428
78552
78609
70718
57478
80858
66410
61137
40914
55131
78297
82947
69820
86056
56087
78298
72227
87073
76902
85252
46730
76897
47365
79613
82595
59154
75301
63854
66675
87158
91230
86070
66885
28787
71322
83786
49233
69159
77567
78007
56546
69854
62536
75074
70843
44476
52740
49140
55409
46239
73931
70158
67807
81308
81171
55034
43690
74335
71153
61186
63728
73140
76939
69166
79824
51256
80725
47608
58666
59326
58855
65777
61005
57760
70826
60520
54727
79900
74010
63505
61495
66999
69520
57888
59665
46756
60905
53230
78113
41791
62548
60002
50637
49344
55994
51715
52602
73080
76748
72896
54167
75557
52221
75937
71367
76709
77962
47652
37344
72747
48641
75105
52942
62133
55225
36046
59379
53005
70763
75587
71455
64766
57032
48903
56985
60615
60347
69513
63598
73842
47591
52500
62809
55196
57956
75145
54182
65302
52620
47244
35320
55122
49890
42514
75038
53143
24173
69823
70694
44412
69402
55821
54951
63439
71201
53598
64154
53099
69933
38948
55592
39525
43208
62040
37428
71810
48774
71668
70580
56702
68214
39084
47623
74017
50155
43020
67024
41464
61085
59795
48090
60229
37472
60248
65449
42276
66260
49213
43033
62345
43153
74350
49426
65594
54061
69530
59484
48195
54689
66020
68800
45952
40490
68041
63358
38437
27669
64449
45111
51865
46563
52220
67399
66016
46116
43270
63968
53455
55347
59360
57244
61379
48240
45455
61060
64855
33032
64339
39101
64290
39047
68542
47728
42196
43444
32667
57307
68976
56421
36070
45020
63981
59236
60707
47194
66454
582437
65287
34536
49795
62185
61376
57569
61826
44342
60592
36396
69693
48976
65523
62414
38510
59306
52934
49441
35603
22370
48474
31251
42214
59000
41021
48779
59551
37644
49360
45740
38701
38253
45868
56851
51815
48534
42333
35207
37295
48920
43094
46497
64201
63077
62870
52380
49233
40723
63062
45820
61197
32231
60979
61215
58523
53487
57556
48586
29206
42240
51379
52486
60701
58670
31926
37300
53108
53836
58625
62359
43619
60572
32045
55121
59498
57381
40830
71026
43376
56589
59636
59536
54209
43957
59997
51551
52280
48636
59659
54064
49977
55669
46949
52160
39107
55741
62242
44548
34804
44800
53152
44602
47859
43425
46810
54685
35184
61441
60874
56480
41437
37472
36415
48871
47208
44517
35125
43009
54773
65271
54354
50061
58801
51634
24788
56497
36227
33974
42223
54920
50557
62218
41297
36860
47198
54015
38840
38927
47155
50896
57926
54733
26983
52537
51878
41150
54389
54619
54347
43373
50862
58698
33861
45581
33630
43914
24673
27039
30443
46927
54821
55460
44973
37740
35248
48953
48652
33897
49683
40033
43583
49106
25504
53531
37195
28637
52080
45215
41838
48183
41694
55119
50896
42087
51422
49301
40458
53843
38795
43497
33921
39698
48737
54722
51564
51887
57679
32500
46839
46496
52538
44740
54852
52780
55232
51428
36443
44860
45828
50921
55224
52709
41455
40265
47164
31583
31662
23941
41125
53275
48627
43927
41188
47880
48978
36678
54350
49670
39784
47310
44413
44498
39620
52271
37919
29863
46311
50123
36028
53460
41313
47951
52064
31963
47286
48829
36346
36028
38149
33201
49557
35595
34765
52581
48206
37248
36999
33700
45114
45785
39153
41030
53983
49306
50485
47306
53974
28792
35666
28745
38945
41929
28654
46660
45458
32961
42013
36972
50220
29848
26729
42818
49203
39585
40371
44600
32579
49364
38202
30440
35179
35110
42925
49822
51308
55582
49321
48947
23983
33188
46978
43746
32109
38877
32536
33764
41982
26681
39237
46761
48893
29864
36072
44494
39922
40231
27736
29220
37515
26035
50063
30725
42186
29877
35267
44043
50258
31236
35476
40176
48012
27728
43061
37331
28160
35336
46118
39001
32361
29330
20777
42717
49196
20922
24787
48385
43913
26362
44041
25148
38337
26863
37305
42626
24655
45609
38578
35174
34793
48192
43208
31924
31007
32365
47115
32020
35532
39725
43249
24750
42528
45593
31109
40086
44740
38872
33643
44771
25808
40490
27073
22655
39349
44397
43268
38357
25351
52286
38197
43271
40024
36040
35406
36485
35881
32369
48343
44789
46681
47642
36019
33045
28330
44670
43628
32432
27053
28968
25055
32973
36496
32468
43993
33663
36767
26917
27827
39777
24361
30980
35495
39778
46622
48082
35391
32327
33960
24795
44633
45992
36836
25318
30607
34380
45710
40736
53194
36783
37622
32800
33820
45981
38515
40154
39695
38800
26772
25144
43501
31155
45078
29000
36894
20341
25501
39304
29718
32454
30874
30889
40351
33043
29771
33722
27167
28854
33685
21210
35670
44380
37756
34369
30936
31859
39041
26485
28940
45093
21797
32640
27015
23475
26872
40840
42058
41820
35837
41154
23581
32920
35352
28980
31626
26818
41643
32979
40546
31856
42149
33980
28839
37071
21215
39384
37532
39074
42842
26886
21342
37285
34580
24075
23971
28836
40380
24665
35247
28035
23244
31611
35971
41752
25610
40281
31307
27532
44144
34126
22527
41839
23305
23258
22082
41333
38401
32567
38224
33711
30231
35624
42515
37951
22410
25290
37181
30530
44567
36234
40332
26038
41029
39813
43427
20030
26280
40902
31489
37086
38988
28338
26358
35050
39976
34816
37816
18373
39046
34101
34302
36696
41324
32251
21541
35097
22803
29969
26084
26916
39293
819345
29413
41837
34532
27201
28849
33104
20348
25631
37372
28650
27145
26734
35247
41404
23716
28752
25778
33453
38762
41664
21919
27427
31523
31252
37943
31291
31654
30654
35793
37349
32002
25735
29350
31150
32323
29296
18185
20956
22134
30467
30711
21946
33910
29589
28290
40299
16988
35222
36143
38040
24877
37779
43968
37741
26964
30266
40389
33081
40120
25636
22016
30523
20320
20425
34332
14589
28240
34568
27178
33213
24818
41622
36882
36999
39263
24253
28996
25553
30224
35084
35909
25861
27804
35310
22555
38021
36254
25573
35004
23814
32154
27106
35606
28091
28304
25418
33212
31976
32701
29445
34517
34347
37503
24669
29093
27275
24299
31523
37151
35124
19456
18757
25138
28723
26371
34178
25651
36619
26736
22320
32810
37862
34091
35521
35375
21532
28534
38175
24423
24226
29334
32806
32904
24526
24457
38092
24472
33700
35531
28942
33015
25978
23328
13686
23982
35962
31418
36834
36959
37382
36427
33597
31483
24801
23816
26523
20377
34497
21073
25466
37383
30953
18333
25602
22580
34124
39992
22809
36175
25280
27258
26088
33896
27098
23316
37527
28101
35778
23114
35180
37246
27760
30465
18205
31737
29407
27930
18981
23213
23498
27053
23108
27136
31526
28139
26350
29167
29831
20227
35584
30155
29790
33571
26257
26251
35435
31930
23454
29440
29349
33453
29963
26640
26631
21244
15849
22744
27192
31202
24832
18837
30338
25522
22905
27161
28727
25376
14505
32370
24454
33486
33947
23824
22591
29849
36079
20951
22984
25818
31082
27471
32243
25210
32428
29229
20867
33357
35523
33167
15349
18474
29721
26665
29313
32123
30288
33731
22512
26613
22989
26674
14303
30316
26063
24295
24251
34746
25979
29379
27772
25111
18702
33843
22937
20046
24730
25598
32301
34203
23982
30277
23579
25721
31671
34681
35962
32751
31463
28151
27823
20146
28316
29331
33556
21599
33627
25884
25860
25721
19221
25234
18864
17062
25878
23314
19634
29576
33591
23386
32700
31309
24562
25994
23740
25181
38283
31074
16094
26996
27418
35460
34761
22815
22147
19445
31060
11399
34161
33055
19224
21320
29641
15155
24185
29328
33633
24617
14938
20104
14470
14739
32841
33980
33473
28282
26584
31892
31820
27306
31087
32250
24430
25847
27700
27555
29221
23428
26183
29554
31828
30509
29046
31733
25829
34357
30706
21486
13542
29992
27836
33857
31932
23142
22425
27096
24965
30711
19004
28093
23778
28299
31959
22927
32064
21500
20207
24190
12845
21514
19284
25332
22795
25167
26885
17574
26770
20989
24197
30328
22791
24207
22676
28777
27886
28846
18676
29589
28403
31785
32091
17667
32315
30603
24120
29546
21709
25827
14240
33814
32391
25808
25564
26208
27713
31870
29961
27674
27020
18013
30018
21366
23283
24064
21454
29818
30587
22958
31385
19229
25475
29303
26992
18159
32844
25861
27026
26284
25713
21319
22433
25327
25419
19105
29939
28404
30132
28040
19912
19573
25110
29385
30977
32091
26382
26073
21944
29907
29745
29615
27837
17374
29046
25869
28271
25430
26157
36234
27204
31488
20619
25505
14080
28035
26150
30571
26727
27123
14934
23747
32705
20445
31171
29750
35827
24395
20450
22208
22518
28326
28887
19458
27957
21467
20889
22647
20072
28292
23071
18861
15537
26283
19322
23112
31989
18120
27281
26002
27663
21921
26530
22286
26125
29998
29826
8908
19155
25702
30107
28722
29037
27824
25780
28056
30570
24992
26633
30051
29064
11051
30345
29054
17661
16491
26577
29227
15971
29627
31116
23334
27997
25296
21670
29315
25467
30188
30386
28990
24898
26823
22944
27963
28457
25358
19450
14311
15203
26682
29076
21434
22483
25590
18696
21506
29751
30248
18846
25154
17766
26239
27607
27341
15032
18676
21318
22973
24367
15145
24588
25450
27224
22049
14359
20035
15530
21381
30683
17472
20716
21471
27350
23665
19458
28014
21471
22597
20696
22828
21548
22470
14718
15252
20330
28836
22764
15588
15526
15987
15441
18288
21383
24475
25327
26339
23250
22611
28731
25341
28848
22254
17151
24210
16088
24850
28085
28213
15278
26932
28347
10306
25305
21376
17472
17087
18810
15122
23865
17720
21808
15089
13337
21355
22478
11941
25407
22917
23496
21588
28545
25006
18236
21822
22217
22583
26354
23027
29314
27688
27268
18345
22920
18427
20316
14028
25167
19982
23123
13173
16250
26126
27708
26981
22922
18441
19588
15691
27973
24058
20366
21536
23059
26020
26206
23577
19029
27213
19839
22310
25683
15775
27793
19980
14309
18432
20514
25278
13711
19686
14821
27049
22630
19819
22695
18268
26001
27650
26078
20270
20143
25974
21836
20732
23592
26079
14999
15862
26229
23847
28108
24758
15553
13341
16054
25887
22049
25544
22621
25928
21869
19658
17239
22008
24696
20811
26251
27840
28050
23856
22323
26534
18393
24090
18782
14967
21107
21344
12147
10832
25033
16339
17744
14645
22124
21458
25885
21285
21975
24182
27284
27801
15110
25826
11924
20124
20797
20559
17643
24334
16442
26304
25160
17250
24887
20813
14803
25530
24460
18753
19451
27125
25587
20744
18781
24530
27230
24537
26337
14117
21055
16986
21941
19859
19278
21890
25603
26873
13346
22527
23197
26951
18987
13689
25761
20611
20584
11084
25202
14324
23217
24820
18317
17604
16159
24676
21373
14706
17048
22312
26478
20663
13553
23569
22106
17841
21193
25102
17951
19484
26872
16527
16404
14553
19048
25540
24135
25677
18269
12283
17040
19441
22177
18050
20452
19576
13459
23341
20027
15089
20578
25329
24758
24470
16322
22088
18124
12326
25519
19225
17306
20000
12190
23421
14986
22037
14632
17729
25405
18059
19781
24486
15539
27865
17148
22799
23215
22321
16107
24859
20050
19948
23947
17527
25557
20730
17914
23885
17497
13059
21186
18421
22845
14946
12868
20318
18046
20569
13508
16446
16376
20483
22824
23825
24375
16765
16195
15299
16713
8901
25858
19868
24081
24164
17962
24106
24082
19626
15657
19797
18381
16335
22145
20260
25385
9857
22163
23206
25703
19040
17706
18223
15567
18403
19118
18247
16962
16515
16795
19327
24348
15593
24174
13678
18191
20288
17567
22642
24491
24386
21705
22800
18477
19571
19826
13777
13682
17748
19279
22728
21359
24008
13210
20356
17130
17122
18448
19414
23274
20715
22525
15526
23576
23699
21358
19371
21955
14907
18012
20176
15342
19676
18889
15015
15324
21405
22358
15062
12149
12764
19846
21883
22049
13060
16648
14514
25047
17424
21895
15431
21647
15697
13101
19940
20452
22273
21633
17645
20173
13225
19270
22507
11792
19377
17554
23224
15668
15769
20377
21071
14671
19153
12565
18302
23638
21764
16401
20263
17473
21519
18367
13547
19187
19372
16665
23762
17480
15343
20579
17893
19313
12724
18587
15787
22466
21913
13286
18816
16231
13758
19182
15365
21575
22659
22176
19584
13162
20719
22884
8311
16130
14059
14873
18562
21329
19162
20931
18651
18649
17309
22437
13663
16993
21169
12420
10012
15152
16134
22856
23191
18688
18469
16464
23554
23005
12962
19540
18987
21044
22560
12657
19504
22378
13650
17386
18439
17050
11154
16900
20478
12065
16090
16430
15498
20254
17290
22577
21826
16225
15980
11464
16389
14643
22614
17424
21315
16485
10680
14096
16603
12624
13875
20034
18263
21336
13532
15178
15153
19968
14940
15949
21827
11068
15034
17718
21183
11689
22775
21349
15534
12118
17025
18411
19508
12581
17533
15966
21645
13317
14194
14146
22471
22270
20064
17342
9758
19691
16856
19355
21527
20961
18592
15873
14178
18783
16564
21007
19802
19724
15508
13320
18598
21790
4903
15437
18106
22209
17545
19992
16835
19780
16846
20882
15962
15526
18187
22410
20395
21907
13922
14560
12412
18576
15735
22233
22285
15397
19714
15282
14943
21325
21017
20743
18063
16883
13799
20227
15856
14774
16092
16907
12927
21910
11630
11601
12926
11325
12136
20488
11306
21999
9939
19922
21302
21703
21085
20810
10945
12346
12194
15637
21980
10307
21728
16662
15142
13508
14658
16908
18446
14535
15246
18843
18728
15945
19559
17007
17473
12350
14229
9010
16442
21304
22311
20220
20425
13463
15794
21608
11051
17519
12972
20470
18746
15624
22874
16458
15020
16372
16764
14216
15910
21767
19374
18658
12259
16622
12771
18625
20275
14971
13457
17360
21324
17645
14210
18966
19406
21618
14262
9400
17186
13671
13526
20501
12335
21328
21281
18010
16321
21795
11972
16664
21195
20127
19786
13761
21058
16927
19198
15569
19034
11381
14125
13404
21575
18783
11171
17549
12975
12226
16917
19219
16096
16011
17856
15767
15572
16584
18300
19555
13077
16396
21114
16117
18288
11405
13358
21360
15967
7845
18942
16623
21313
16188
18537
11603
11396
19733
13106
19183
19615
11377
11624
17457
14277
20206
20015
20139
13012
17936
14839
16241
16812
19353
17306
14405
15473
14423
12447
17491
13602
18638
12667
14898
18238
13708
20546
16862
17747
13739
18752
17825
15107
17750
13751
20858
15871
17629
12524
14366
15326
10653
19981
16079
12313
14781
11773
10138
19435
14860
11379
16290
19139
15090
17531
20832
19852
18373
14766
20576
20487
15442
12071
19770
13152
13924
17151
13051
18738
17871
15950
13471
14819
14225
20006
18349
15594
16371
13437
13558
19830
17729
20074
13031
11246
17672
17794
12961
13744
14112
19238
17971
16512
18307
11485
17031
12998
17906
20108
19003
14612
12673
12767
12853
12629
14256
19507
19978
16840
18786
18268
13463
16743
19299
12640
19708
13878
19571
18444
16717
12250
15223
18384
12915
10119
9955
16867
11713
14665
11697
16018
11620
11282
13260
14065
14166
17660
19910
12531
17934
17257
12137
17948
16133
12846
15150
8726
19603
18910
15930
17120
14596
12882
17554
9769
18419
8863
12990
10252
12640
13534
12605
15527
18532
8279
14692
11300
10832
18036
15208
13489
14810
16445
12197
17515
15911
12089
9268
19019
17013
13480
7655
17524
10300
14584
18359
11534
14673
16143
14510
5732
15293
18230
16163
10286
16689
11343
18427
18004
13455
11729
14300
17916
17385
15667
12333
15163
12908
8275
10109
14347
14869
17763
9177
15800
11012
13120
17316
17101
11213
12130
12905
19162
11252
17830
14544
12974
16789
14201
17842
19239
10901
10409
14293
16387
14888
18964
17533
10648
11337
12219
10699
14968
15296
18749
13594
10148
15642
18433
17206
14299
19407
18726
16118
13556
18291
10607
18544
13415
19469
15227
10132
15285
10161
15051
13090
13344
17737
18819
14776
17065
15256
15657
15000
15561
14055
13569
18267
15493
13631
11216
15883
15780
18350
9364
14448
17465
18489
12370
14521
14098
15568
13761
13609
9871
15640
15582
11261
16598
12212
17056
11597
14831
14984
18121
17621
15875
14112
7948
15841
11422
10918
13920
14511
16030
12985
18415
16457
9331
11684
17135
15209
9966
16363
15204
17757
18412
14212
11149
15258
13804
17339
8587
16992
10832
15300
12910
15142
15594
10886
12876
11925
16890
12804
14788
10991
12050
18524
13521
16541
13049
13767
17055
14248
15223
15544
18078
12544
15065
17013
17902
10281
15979
10690
9393
14324
15561
18030
12764
11236
16822
16999
12325
13074
10233
14264
7022
15138
17965
13996
12534
10703
16698
16095
10217
12034
16123
9408
18120
8615
10898
12888
18210
9164
16092
17805
10971
13208
12561
16012
14875
12726
15135
17749
11424
11156
8936
16300
11186
16538
18006
16241
15100
10840
11442
12431
17572
17422
10561
12770
15651
16328
17919
14864
9297
14214
13791
9969
10984
9908
9055
15536
17445
10532
13982
11509
17473
11981
11121
12139
12024
10304
11169
9423
13925
8836
14660
14553
16778
11052
13678
15705
17780
14814
16381
7671
17722
16922
15902
17150
9554
13278
15788
15762
14587
17806
13637
11820
11975
14804
8106
13134
7310
15992
9481
10757
8531
13229
6762
16530
12651
16733
10169
17556
14071
17120
12926
9386
15732
8445
11235
11451
13185
16582
15892
12154
15685
16862
13246
16927
11921
11862
8817
12423
19146
11406
14584
9530
9292
13522
15850
14367
9044
6677
14180
10190
11161
14435
16366
11318
16761
8997
11599
16208
13483
17489
13297
16952
9234
13093
14049
10398
16425
14714
16957
5371
13669
12300
8951
13813
15202
12670
12971
13224
15000
13259
12881
15253
6353
13657
11885
15050
16504
14965
13505
15966
8825
16329
11250
11134
8271
12289
14103
16687
16603
12874
12382
11564
16761
7538
14899
15650
10240
17206
11438
13429
10074
9897
13878
15445
13687
5810
9269
8091
16382
16741
12305
8921
10096
12544
16241
10127
12699
16662
9255
12162
15567
10436
12752
12161
15894
15637
15629
15008
12544
16135
15873
10728
17046
14654
13078
16282
13432
16726
13135
8173
14423
11015
15636
15998
11377
13009
15965
15550
14764
10680
13035
14942
11425
9725
9008
11238
6192
12716
12919
13308
11479
15218
14385
8336
7935
11743
6834
15590
15456
12761
10179
15976
11139
13792
11821
9274
8279
12227
12208
10413
10937
13915
15041
13567
11266
9675
8367
10644
14199
8648
14432
15828
13118
10513
15396
10109
10633
13728
15740
10660
10756
10435
15407
12364
14213
11760
14026
11804
13462
10560
14973
10744
14319
10304
10467
16435
13091
14233
11330
10775
10013
9402
12534
15353
15644
15410
8688
15001
14737
10498
11094
12873
8734
13939
9532
9206
11331
12551
11308
14243
10867
7539
15822
12715
12734
13857
13080
11024
13602
6359
12811
15865
12171
11614
15266
15651
11929
16196
10314
13009
9045
10074
11637
12423
12320
12680
12683
13677
6735
13620
15142
14561
12603
13892
7676
14699
9925
10729
10417
14970
12882
13388
13991
10296
14576
14592
9323
6642
7500
13278
12037
13490
14520
15124
15685
9558
9281
16005
11811
12278
12854
8854
15707
8390
11543
11872
10577
13716
11964
10744
8728
14524
10721
9213
11897
16204
14802
15256
15077
13276
7657
13377
7030
13884
15434
14041
13912
8928
11027
12108
14956
9384
10257
15198
13219
10750
13859
10899
11114
12675
14846
8765
9494
11885
14118
9220
9764
14872
13266
8607
11154
11060
11414
13148
15217
8607
12970
10698
13551
9215
8499
16545
8493
10295
14299
7609
12584
6505
12866
9697
11523
12807
13596
10067
8052
13722
8482
7363
9873
11431
12477
11646
8279
9603
13579
6890
13632
12786
11087
9839
6128
8841
12157
11047
9686
11675
14110
9908
10625
13229
15332
12120
10137
12538
11736
12790
7742
14066
12588
13964
8541
8430
10106
12650
14676
11007
14771
7556
10470
10955
9827
13707
8999
12830
10244
15222
15285
11896
14466
11005
10188
9695
8955
9023
7062
9893
8673
15245
13976
14352
6438
14626
9835
5080
13936
9180
8713
8303
10505
10800
8449
12491
10957
13194
8789
14636
12213
14988
11658
15528
8929
10706
7852
12208
9305
15097
11151
15086
10719
14092
8086
9132
13888
13673
10165
8516
11090
14059
11488
14035
13993
10343
9114
12375
14780
8686
14147
14312
9462
8665
7167
8340
7612
8470
9206
8559
8935
8315
11369
10318
10418
14519
10472
7220
13407
13897
13653
13628
7387
10150
14286
14122
14372
7142
8534
6929
13317
11287
13119
11174
14911
7052
11322
8366
10927
12928
9920
9479
13201
9515
12567
6952
13767
13956
12767
7901
8733
11157
8216
9789
13480
9716
10725
11977
7981
7725
12572
13090
11572
12738
12730
11979
10998
13930
9165
8609
10174
12300
8817
8171
10679
10263
8207
11713
12142
13762
11274
7835
10063
12696
12836
9417
14743
10382
13221
8617
9354
13721
6876
11281
11530
12655
14002
13797
13559
13682
14506
6359
9753
8949
7314
9311
9942
8158
11717
12200
8492
11897
9763
11001
9056
11161
13396
11559
4860
12770
13528
11266
10691
10274
13644
13659
9850
14044
9276
8170
9210
14161
9929
5982
10347
9703
8751
13232
11678
13640
13054
9795
9166
6421
8969
9827
7626
8136
7585
9942
8791
12726
12949
8657
11507
9170
10661
11571
11329
12369
13718
11365
9224
6197
5359
9315
11869
10657
12868
9963
11132
11000
11497
9851
10200
13555
12551
9014
15525
7733
8829
10567
10823
9481
9874
11126
12384
8602
9194
13003
8236
9444
11280
9534
9830
11196
9959
11737
13565
9703
13518
7440
9184
12026
13512
14290
7521
8446
7555
11272
12798
6607
13768
11165
12801
11093
6453
9215
10067
9337
10937
12620
10755
13677
11144
10566
9470
9042
12723
10916
9952
12249
12940
10489
12863
11824
9797
6542
7373
10687
11665
10707
13006
9177
12720
7351
12065
11931
11844
13457
4652
9577
12501
12382
5491
12919
8844
8805
12386
13607
7136
13646
8675
8351
10056
10660
13890
10012
8535
9845
10653
12800
11473
3786
7957
10591
8183
9143
9862
11037
10751
8210
6913
9432
8213
13597
13108
11313
7035
10720
11703
11425
9549
9429
13932
8129
10068
12879
9094
12566
9759
9967
13263
9331
6689
9976
12660
6941
12394
9711
12347
10847
9181
8553
12365
8633
8438
7192
8961
9830
12466
10422
11461
9723
12327
8877
12177
13480
7405
10812
12427
8671
7055
7103
7202
9512
12719
12968
7743
8929
9546
7801
12468
12669
10135
7981
11214
10856
13869
7601
12185
7313
9795
12031
10251
7536
7954
7446
11867
7415
12995
7773
8033
13100
12616
13144
6851
12656
12321
7472
13697
8709
9381
12053
8782
10917
10794
7459
11490
7657
7389
11498
10829
9061
8234
13401
13016
9023
12194
6250
7451
8405
6980
7875
10265
11267
12942
9235
11162
7493
12784
8970
6703
11578
9322
9042
11381
11934
7524
6561
6732
12307
6447
12391
11298
12581
11805
9547
9517
9057
11166
10613
12929
11619
8637
12271
11160
12621
9243
11116
9044
12265
13172
9857
10569
9487
11108
10792
12597
11598
12319
5687
7920
8794
8586
13156
8608
8654
12916
9078
11938
12781
12263
8854
11196
5895
8310
12498
12656
7363
7929
9031
8991
10179
8273
11836
9597
12363
8925
9007
10653
12574
9192
10060
10313
11538
4619
9731
12382
6130
11712
12698
12693
7894
6807
10260
10476
11903
8060
11709
11599
7239
9525
9675
8048
12981
6872
12234
12846
10605
8216
6204
10648
11721
10237
8620
11709
11153
9896
10495
7028
12067
8987
8915
11171
8434
6189
7114
10718
8199
10622
12244
11615
10802
11717
9687
8710
12709
10650
11561
9932
9364
10338
11427
8792
11766
12595
11234
12850
12097
7734
10854
10272
11983
11782
8517
8165
9132
6672
7378
11638
7491
6728
10453
12704
7937
12010
12217
11092
8962
12154
9265
5864
9585
11982
10994
10073
11577
11948
7218
11066
10433
12458
5428
8405
11865
5061
6931
10087
7962
7655
9433
7032
9113
9369
10275
7208
9774
8254
12412
11888
7803
10335
11643
7713
9643
12306
7764
11389
7462
11316
7583
10815
5773
6005
8412
10260
11061
9723
10852
4326
10706
7424
9768
10999
11179
8123
8509
7738
11873
6693
10635
7683
12369
8294
12331
9483
4726
8072
12340
9614
11264
9751
10016
7512
11996
6884
12281
9836
10542
8095
7588
8232
9637
10694
8886
11244
11595
12348
11588
10006
9381
9963
5552
5231
6044
12604
8905
10760
10136
7487
11799
8103
9089
10256
11540
11157
10230
10959
11818
9154
11320
11807
11893
8023
10170
10479
6220
10916
7569
6273
9076
5490
3525
12377
9917
8094
9826
6830
12063
9604
6600
11169
10362
6870
11389
6329
11808
10946
12149
8942
10698
7344
11821
12338
10174
7431
8706
10049
8745
5996
12178
9703
10361
9274
6320
6801
11017
8020
10675
7815
8040
5788
11960
7597
9303
8748
9209
6292
9491
8414
9649
11359
8432
6444
9876
3006
9355
8542
5855
9472
10756
11196
6587
9433
10812
7433
9114
7834
7176
8102
9844
9610
12264
5345
10643
12178
6482
6205
10595
5323
11536
11703
11758
9934
8358
11733
10737
8672
10268
10137
9953
7882
11071
6428
10761
6500
11927
6382
9831
4427
7702
9511
10393
8306
11632
10284
8623
5912
8196
7547
9531
6875
7605
6190
11398
8535
11016
10445
6794
10005
9743
5632
8819
9188
8393
11401
8966
7615
4189
5761
11320
5580
10203
6471
11523
10804
5794
8923
7663
10618
10562
9730
10267
6679
7717
11692
9403
10777
9351
6212
8468
9578
5107
10844
10929
10774
10099
8226
6352
8406
6549
10666
10707
9683
10736
10106
10711
6247
11335
8154
5983
11038
4589
7336
11216
8328
8777
4658
11689
8192
9309
10284
6836
6490
10514
10206
10176
11226
8347
9344
6763
10712
8151
11138
11144
4666
7894
10049
7369
6467
7587
6637
4812
9400
11511
8286
11491
10177
9271
10610
11221
5434
8822
10328
10771
7110
6626
11674
9782
6113
7672
10842
9985
10055
8612
8391
9078
5531
9104
11031
4936
7155
10519
6148
7592
9191
7357
8363
8978
11122
10860
5935
7429
10172
9753
11170
5675
10023
7096
8923
10725
6763
8877
7741
8569
9672
7020
7665
7436
10786
9877
9315
9019
10818
5303
9324
11165
7767
7219
5982
5904
9584
10288
8196
6455
10783
7451
9994
9567
7678
5097
7911
8763
11329
8524
10107
6875
6533
5766
6939
8551
7998
8596
10008
6352
11236
9162
5895
9442
4711
2813
7785
6220
10672
7187
10979
6954
5009
8511
6035
7968
8012
11336
7082
9614
5829
10326
8404
8040
10798
9670
6503
10202
8893
8297
11243
6310
10220
8045
4653
8573
11161
8050
5359
7288
10072
7303
7386
9604
10812
7486
7851
7986
10436
3829
10926
8423
5953
8628
10264
8316
8895
8137
7555
7808
10177
10442
10300
8708
10101
8166
6536
8797
5258
7222
8007
8621
9756
8285
8258
11214
6136
10399
9072
11167
9889
10089
7412
9383
6711
9907
8697
10248
11091
8241
11128
8426
9098
8499
4853
7918
7776
8568
5683
10635
6113
6538
8357
5413
10558
10687
7513
8251
6466
10186
9960
7900
9006
7373
7268
10762
10151
6428
10862
9630
8795
10888
8738
8022
9225
7335
6293
7683
9949
3473
7967
8482
9567
8364
6603
5465
7041
9901
9986
9348
8048
8425
6590
6471
7193
5998
4644
6756
7174
8748
6904
9522
6897
7736
7963
10676
7157
10491
5015
10421
8906
4540
10236
10431
7618
5671
10431
10426
9654
5884
10060
6634
8222
6186
4163
7049
7383
7795
9263
10933
6084
4977
10525
10360
8223
5672
10365
9684
10434
4826
8649
7942
7573
8170
8008
8944
10188
7492
9704
9645
9301
6273
6410
7109
7201
7110
5619
10685
7128
6486
6833
8556
6890
5654
9255
10228
10661
4186
10721
9694
4722
10620
10555
7081
10324
8748
7691
8585
9706
10164
6798
10255
6610
7959
10398
7119
10191
9567
7038
10845
10141
6915
8324
8240
4581
4199
10087
8577
9444
6887
10255
10442
7986
8715
9894
9942
8538
9095
6550
9236
6147
9709
5757
9600
7316
8961
7093
6477
6265
8085
6597
9667
8695
6195
7156
8919
8725
10417
6911
8397
8402
9976
9402
7416
9519
8649
5492
6404
9911
5102
9702
4146
7769
7613
9362
10101
7460
9633
6412
9058
6707
9884
9350
8307
9766
9882
5001
8574
7161
7112
5261
8124
6797
7625
5100
8385
10240
8106
7207
8506
9733
5801
8878
9810
7733
4890
10343
7699
7976
6798
8159
4488
10239
10672
7178
5593
9667
5924
9892
7076
9849
8047
6145
7284
7689
10210
9450
8278
9470
8977
6683
6749
9675
7622
6789
9000
8452
9197
6334
5105
10104
8143
6979
8202
6784
6901
7870
7354
8200
6101
8323
8594
7628
6588
9087
9987
9111
5997
9808
9506
9271
9395
5892
4731
9305
8923
8463
6587
9657
9211
9189
6400
7328
3152
7678
9100
9034
7918
6496
9162
5435
4699
5920
9108
8328
6137
7869
6437
9611
9108
8838
7770
7005
5744
7271
7304
5552
8095
6477
8083
5780
6504
7563
9314
6555
7220
8348
8258
8418
9162
5973
5820
5871
6982
5310
5204
5805
6572
7168
7407
6854
6909
6836
6356
5372
9120
5916
7503
3821
8877
6385
7691
4870
6984
8502
8226
5649
6430
5955
5829
7765
8496
6617
6965
7933
6390
7817
3617
8712
6052
5570
5188
5192
7211
5221
4122
5845
5393
5985
8666
7860
8627
5551
8712
5913
5555
7133
8570
8441
8312
6398
5132
4635
4899
4091
7346
8120
7194
6366
8467
4785
7806
8541
5400
7876
6673
4106
6073
6083
5803
6070
4994
4929
5237
7368
6864
5085
4782
8314
6945
4423
6021
5261
4977
7844
6069
4877
6411
5625
5390
6470
6857
7291
4934
5162
6318
4699
5806
7371
7647
6812
5730
4004
5221
6889
7225
7510
6666
7276
7488
5325
5869
7256
4954
6703
6230
7660
5836
5732
6746
5540
4744
6589
7813
4544
6713
6313
7619
3916
7725
5431
7647
7570
5716
4259
5237
4776
5651
5869
4450
7139
4793
6803
7279
6221
4630
7097
4600
4044
5067
7585
3649
5256
7486
6873
7222
5674
6932
6381
4681
5588
6532
4956
7307
5585
5978
5586
6664
5772
6377
5102
5748
6720
5621
6136
6808
4996
5413
6877
4477
4323
6580
4804
4809
5444
5619
5627
3859
3988
4548
5924
7079
5904
6505
4184
4410
6310
4528
4675
7266
5379
5253
6932
5102
6582
4930
6047
4984
4781
3937
6070
4940
6927
4045
5498
2832
7043
7048
4983
5212
4400
4935
6979
5131
5452
7075
4750
4078
3736
6486
4510
4764
3718
5910
5749
4941
6727
4906
4213
5626
5414
4045
3790
4684
6716
3708
5619
6165
5237
5838
3723
6552
3976
5568
6006
3866
6531
4363
4662
2719
4915
4908
6301
4072
5870
4701
3902
5600
5816
5376
5021
4257
5109
5478
5956
5903
4647
5880
3773
6111
6591
4001
4640
4702
3576
5565
5142
4271
5375
3383
6484
6441
3935
4988
5196
4571
5422
5199
3960
4487
4220
4653
3868
5409
4628
4452
6016
6219
4874
4459
4821
5450
3475
4913
3946
4908
4354
6321
4558
3175
3589
4508
4134
3567
3235
4456
3561
3771
4338
4287
3438
3264
4501
3304
4304
5755
5371
5843
3625
5833
3888
4524
5679
5063
5185
3246
5292
3771
5398
5459
4551
5573
3879
5725
3833
5776
5592
3912
4668
4380
3737
4968
2479
4381
5266
4440
3746
3679
4497
3162
5666
3745
4304
4831
3398
4240
4377
5460
2844
3620
3949
4667
3646
2945
4726
4317
4338
5168
4147
3245
3690
4387
3464
4467
3130
4448
2869
3626
3627
5292
3715
4096
4822
3499
4600
4907
5145
3222
4469
3743
5011
4260
5298
2946
5338
3820
4776
5236
4098
5152
3664
3974
4019
5014
2398
4602
3981
3509
2842
4200
3875
2813
4331
5269
3078
4164
2770
2240
4767
4752
5100
4124
4758
4956
4336
4544
5110
3483
4467
3163
4635
3250
2808
3106
4655
3576
3108
3477
4554
4343
3080
3734
2776
2942
4667
4498
4106
4552
3850
2883
4771
3853
4257
4186
3876
3565
2958
3578
4023
4463
3438
2796
2551
3319
4321
4096
3694
2376
4470
2160
4787
3100
3163
3166
4712
4471
2437
3218
3937
4377
4630
4349
3128
2914
2919
4464
3005
3441
4461
2350
2972
3315
2492
3167
4370
2223
3628
4131
4635
3732
4680
2821
3139
3077
3447
3867
4485
3213
3671
3063
2612
3807
4315
3779
4207
3871
4368
4467
4415
3447
3242
4157
4216
4245
2948
2563
2649
2429
4045
4002
4192
3183
3341
2515
3601
2730
2942
4256
4249
3427
3599
3797
2488
3404
2941
2589
4239
2657
3024
3601
4199
2600
4075
2554
3660
4138
4178
3187
3752
3458
3379
4149
2668
2709
3920
3905
2372
3024
3247
3149
3185
2972
4237
2810
2954
4124
2751
3182
4056
2971
2458
3279
3291
3766
2747
2855
2840
3830
3296
3208
2664
3460
1979
3106
4063
3619
2285
3916
2874
2919
3166
2919
3922
3532
2204
2819
3205
1962
3034
3478
2780
3313
2754
2935
2881
2412
3637
2061
2445
2839
3800
3674
2861
1983
3893
2122
3704
3372
2498
1924
2985
2079
2490
3159
2624
3545
2441
2200
2730
2777
2350
3454
3325
1925
3041
3414
2946
2513
3055
3046
3592
3813
3063
2018
2788
3280
2628
3605
2875
2071
3717
2537
3029
2243
2850
2458
2807
3003
2359
2316
3660
3265
3370
3191
3243
2794
3501
2363
3264
2214
3333
2682
3282
3277
3452
2945
3342
2240
3361
3479
1986
2393
1650
2242
3476
2385
2650
2246
2965
3450
3247
3285
2432
1905
3178
2347
2907
2026
2701
2507
3370
2094
2475
3078
1859
1413
2181
2324
2840
2318
3011
2721
2460
2590
2735
2172
2580
2001
1812
2813
2610
3134
1883
1649
3115
2222
2948
2327
2955
2415
2325
3140
2372
2485
2039
3183
2219
2749
1405
3116
1789
3177
3229
2893
2022
2126
2969
3225
3213
1886
2739
2089
2776
3257
1795
2677
2599
3080
2236
2044
1652
2341
1982
2648
2776
1915
1914
3114
2221
1597
3066
1969
2086
2654
2592
2623
1608
2766
1988
1858
2190
1556
1952
2908
3011
1723
2939
3077
3076
2233
3033
2260
2443
2375
1818
2071
2219
2501
1742
2311
2921
2176
1148
1922
2100
2812
1509
2486
2154
2391
1658
1660
2677
1807
2102
2042
1606
1684
2599
2233
2423
2559
2585
2790
2315
1950
2546
2577
2588
2376
2509
1944
2413
2275
2056
2186
2199
2225
2338
2054
2261
2384
1934
1979
2378
2749
2673
2434
1602
2425
1962
2034
1156
2122
2214
2275
2316
2584
2651
1455
2498
1933
2188
2585
1240
2185
2102
1692
1945
2516
1485
2073
2184
1173
1465
1487
2708
1798
1241
1533
1739
2137
2275
2080
2238
2154
1987
2204
2444
2050
2611
1656
2319
2168
2429
1573
2413
1126
1650
1609
2526
1296
2570
2477
1126
1208
1496
1407
2461
1819
1793
2395
2201
1471
2304
2123
1560
1674
2410
2031
1792
1840
2564
2297
1228
2044
2297
1807
1466
2343
2416
2428
2408
1505
1891
1642
1600
2430
1757
2327
1637
1983
2368
2113
2265
2011
2440
1601
1867
1916
1828
2042
2279
1652
1287
2298
1412
1746
1634
1509
1421
1734
2015
1117
2111
2341
1324
1590
1262
2105
1736
1462
1915
1600
2184
1691
2255
1630
1982
1998
1941
1546
1248
1895
1872
1001
1474
1073
1687
2131
1943
1559
1527
1761
2061
1742
2060
1607
1801
1732
2123
1738
1745
1422
1988
1713
2110
1788
1831
1877
2211
1689
1441
1406
1909
1980
2041
1956
2020
1744
2105
1157
1446
1413
1990
1903
1115
1779
1482
1671
2102
1502
1387
1483
1528
1327
1329
1967
1256
1226
1261
1885
1114
1183
2038
2080
1122
1897
1753
1509
1811
1386
1713
1921
1603
1279
1307
1121
1682
1856
2031
1954
1706
1645
1390
1621
1730
1951
1732
1738
1268
1825
1478
1334
1081
1971
1384
1318
1547
1877
1715
1668
1721
1162
1505
1915
1680
1093
1158
1911
1592
1497
1024
1483
1804
1697
1144
1826
1624
1337
1832
1125
1125
1685
1800
1498
1359
1146
1287
1035
1261
1372
1753
1671
998
1245
1711
1360
1706
1238
1490
1000
1547
1205
1069
1598
1320
1727
1605
1155
1067
890
1315
1136
1624
1346
1646
1763
954
1618
1632
1531
1557
880
1145
1258
1674
705
1446
1003
1679
1503
1134
1543
1624
1551
1269
1050
1604
1665
899
1355
824
971
1503
1519
1654
1112
1294
1126
1168
1318
1161
1046
968
1478
1408
1539
1619
1553
1481
945
999
835
1087
1437
1112
1051
1139
1537
1636
1142
1440
1395
1416
1279
711
1117
1442
967
1129
1130
1074
1250
1198
1384
1260
1184
915
1181
1005
1042
1412
1538
1522
1533
1195
1308
1000
1449
1129
1346
1135
1466
1066
850
985
1511
1491
1267
985
1106
1186
1011
1419
1272
1182
1437
1312
978
1462
1372
1126
1221
959
1034
901
1298
1246
698
895
1369
1238
758
859
1384
1412
1086
1393
1019
1376
899
1402
1372
1311
1255
952
1421
1315
1119
1199
1028
1314
1248
930
1150
1094
926
594
1302
1222
636
1316
1148
829
864
1164
1256
1260
1114
1081
1007
810
739
1345
431
845
1310
1270
806
1078
1208
1070
775
875
1164
945
835
1319
1143
892
1070
1202
1027
1011
1163
1314
1194
821
1130
1111
1263
1036
1300
1139
759
1027
913
695
1319
967
840
1235
859
1194
1208
1271
961
1250
1287
745
761
988
1199
784
858
784
1024
1225
1165
552
765
876
559
956
630
1227
1180
1215
774
984
811
1188
480
991
848
1140
979
1066
681
1125
1127
1053
678
1066
627
1149
1058
767
1148
901
858
1061
1152
1075
1009
818
1111
1025
1002
664
688
850
1072
759
1133
904
799
853
732
1060
701
1024
799
857
1045
798
857
991
1071
851
933
1026
664
502
609
864
849
545
855
618
582
1006
788
463
802
817
628
985
867
577
944
812
764
960
818
611
600
1002
906
768
594
870
717
766
940
862
514
636
724
692
723
846
696
952
877
903
762
692
789
697
628
834
547
669
622
508
520
827
445
534
711
810
611
509
486
852
665
512
900
818
678
881
565
606
897
696
843
529
660
601
585
719
497
722
553
579
500
823
426
719
444
618
815
618
481
780
531
629
677
638
593
388
808
839
557
731
797
790
775
493
647
575
793
629
689
412
614
584
756
546
676
495
743
475
716
674
747
517
720
682
696
541
444
645
576
482
587
539
669
543
686
735
452
715
546
512
487
625
565
718
667
660
716
664
643
411
527
691
480
553
560
670
707
340
721
421
553
460
661
635
682
626
452
691
483
466
402
592
659
421
475
569
583
631
488
472
543
546
548
475
516
364
564
601
454
215
588
414
613
601
574
439
483
558
592
397
327
597
369
420
600
452
566
362
433
554
470
358
564
473
549
534
404
597
502
537
354
589
323
509
597
425
590
411
554
369
421
371
367
551
409
375
357
316
383
564
326
370
525
358
500
327
529
347
535
375
453
355
406
357
234
257
483
512
377
510
527
531
443
511
537
500
246
498
396
486
489
473
504
498
469
526
506
494
520
512
486
434
362
451
466
433
279
265
489
489
488
342
493
370
457
274
348
260
404
472
271
437
313
345
282
461
331
465
392
470
467
308
386
445
390
362
452
405
300
428
383
372
392
425
368
305
347
242
418
289
417
295
390
380
413
417
358
399
401
304
404
224
363
210
410
274
321
396
340
403
385
356
369
379
208
377
298
369
331
386
385
335
353
244
339
361
311
204
173
335
266
268
203
354
251
358
272
346
219
362
232
227
268
200
295
349
359
247
256
345
349
304
233
317
262
232
287
351
200
237
279
323
239
321
321
263
208
222
248
333
174
305
232
167
221
241
320
302
198
179
274
251
215
288
246
237
150
307
270
243
212
295
214
238
275
262
287
172
296
215
254
236
227
290
189
263
174
221
289
278
265
239
199
281
276
242
155
273
238
236
262
233
219
257
175
268
188
249
254
167
236
244
252
233
192
242
149
155
217
208
129
211
225
191
193
187
193
227
115
139
169
178
120
196
174
179
144
177
158
154
215
205
214
151
146
159
174
155
127
204
200
188
124
169
179
195
171
146
187
150
158
167
174
139
135
170
160
97
161
168
124
135
157
169
158
150
149
162
118
168
116
123
144
136
137
141
136
149
151
147
135
148
149
110
127
122
124
131
130
109
135
124
140
142
112
129
71
139
120
83
126
118
134
105
118
91
87
122
90
121
64
106
102
120
80
86
66
108
77
79
87
113
88
95
88
112
111
83
87
108
89
104
103
102
103
52
99
102
48
99
99
89
66
86
75
98
95
97
99
73
87
62
88
73
69
83
93
89
69
48
81
68
85
81
45
82
78
82
73
79
72
46
47
72
68
69
70
61
62
65
40
47
50
56
49
26
42
60
60
59
39
55
55
54
51
50
51
52
47
43
48
35
45
45
44
44
44
42
36
40
39
35
32
31
28
23
21
18
28
23
27
20
15
26
24
21
24
24
19
22
20
21
11
18
10
19
19
18
17
9
14
16
5
14
14
11
11
10
9
8
7
6
7
6
5
5
5
5
4
4
3
3
2
1
1
0
0
0
0
0
0
0
0
0
0
0
0
